1024
-997 127
-613 617
170 -40
-299 791
645 493
-651 717
421 27
-392 -970
-817 -271
-705 -668
977 -108
-761 -990
-982 -244
63 142
203 214
-667 326
-98 -295
-885 215
566 605
39 -396
751 453
911 851
78 -715
-75 -529
724 -580
559 687
993 999
222 -215
-467 -405
680 -952
-248 -814
354 -887
-982 837
-448 -454
175 382
675 452
-30 -589
487 -63
-84 898
488 -783
198 -229
470 217
144 -277
-696 -549
-149 605
34 979
503 -308
-662 314
-16 -872
399 9
-705 899
-716 810
385 -393
-146 -859
933 366
-693 754
643 164
-617 -644
634 -49
-688 7
464 -188
-440 137
364 511
443 -49
-753 -264
669 -929
34 325
-147 -790
898 842
99 -308
-56 -250
693 -366
-87 -456
965 -404
478 134
-608 522
678 -204
1 780
-945 989
145 -898
62 -611
686 253
315 -604
684 -753
-780 486
-371 882
-427 -327
-719 466
669 415
200 494
-494 -711
-996 -877
612 705
-578 -768
106 -971
-772 -90
504 372
86 -852
-126 -596
392 -419
-126 -535
155 65
257 -679
8 926
391 849
-620 -328
-643 990
-85 996
-804 250
-811 -124
863 -903
789 -419
-545 538
-178 -596
256 208
-96 -67
195 269
709 657
249 441
131 -249
-631 475
110 810
-514 -622
209 397
169 -297
-11 -839
481 224
240 382
609 -701
152 735
823 229
455 -913
335 953
-369 138
-388 -652
-782 738
702 488
-690 -346
-841 -846
281 640
90 -103
-182 -402
-68 2
-694 -353
475 -372
653 918
746 450
-399 887
-745 -868
569 49
219 912
-855 751
307 -355
-790 10
-545 -419
839 102
325 -770
-14 -241
-6 586
18 -235
376 64
212 -209
-988 415
-798 246
726 -16
494 -6
-239 570
105 -285
911 261
-646 -251
-736 486
903 223
-944 -340
-888 278
-736 694
728 193
443 707
-970 -747
415 234
-564 -868
-662 248
-318 -361
-264 322
604 613
53 222
596 801
-710 260
-195 -492
-726 710
-867 -144
146 -395
96 -548
-377 -778
616 -730
-431 576
790 579
487 230
-277 713
-543 727
-541 -500
84 969
-892 -837
49 -146
-810 -482
783 -534
-706 -749
863 -839
-905 -882
-327 829
-202 -134
892 674
68 684
387 -204
-481 -991
51 909
-202 -517
171 -489
368 890
-129 780
-985 881
203 572
153 -715
-555 -233
-991 -164
-835 319
710 -870
622 324
382 605
60 371
-714 379
455 555
-937 737
289 413
-829 103
895 -882
-450 -709
963 239
-415 844
-264 389
-562 -688
-518 42
804 -787
805 -116
-839 564
-656 948
551 740
-578 -86
-992 501
-771 -190
-377 985
-922 -495
-621 -504
-692 240
770 878
-608 559
291 313
818 -89
842 328
-698 272
139 -155
886 81
157 72
-489 -206
-299 -926
590 -606
-859 -221
181 -858
-604 -688
288 -91
208 394
-117 368
-206 671
184 -600
898 752
-216 974
-629 791
148 -115
254 417
-900 -428
-479 -184
790 420
456 792
-212 -205
807 -382
-223 141
-292 467
490 472
478 -721
-599 -454
360 822
-264 35
-781 814
-593 35
309 -122
375 -819
-840 -848
-944 -289
-385 394
-714 -210
-864 351
449 -602
388 231
309 87
-803 90
-900 949
-71 939
455 61
359 385
-255 -222
-900 619
-660 -878
-378 568
-575 -356
-30 -981
-120 15
211 517
-197 -300
685 884
246 994
-893 125
727 -226
-387 -431
-946 225
-217 -962
-937 -88
715 873
-196 454
223 616
750 165
190 -841
586 -75
181 178
138 632
345 -312
-979 -465
-316 -535
542 -256
739 -766
451 257
787 -633
71 804
560 930
-605 803
594 906
697 780
257 -629
233 -470
-498 464
576 -658
427 -38
-837 613
710 -750
-385 146
-54 524
-616 455
990 -969
295 383
-651 -855
-450 353
677 113
-257 559
-534 276
-536 -590
942 -436
-954 538
-696 -906
-981 -302
287 -313
-170 -166
-818 90
398 -324
315 752
70 140
-892 -68
-480 -146
726 -26
-825 131
418 556
728 701
-413 728
289 493
657 531
743 816
825 43
-119 -784
-291 646
-144 -660
-998 314
547 -872
-820 -228
367 615
-691 -714
-903 -307
-962 956
295 -892
828 274
-136 -957
-514 -216
308 563
-954 652
-723 268
100 966
-73 -570
-398 564
-314 -38
216 -794
968 511
-698 -87
423 997
551 283
242 892
376 -420
134 -419
96 424
-507 93
-14 904
339 530
246 -108
597 491
977 -590
258 819
182 836
11 -21
-100 778
880 -634
-496 -593
460 882
250 -917
282 -930
112 88
-107 -877
992 -744
201 -899
-654 320
-335 -368
307 -178
-144 -556
357 -667
-4 15
605 -129
-990 -321
-248 -742
654 466
782 286
301 28
467 474
914 -68
-273 -775
809 642
-90 -782
738 522
-921 -166
872 -864
-670 -577
-766 182
-763 236
160 380
463 831
339 -402
617 -243
994 545
-591 -658
-223 -637
161 -608
920 -619
-236 -392
-758 -603
-907 542
522 762
-996 -102
-147 603
-77 -10
498 -522
118 -814
844 787
714 -880
-18 264
494 512
-488 819
583 -600
105 -897
44 580
408 -951
463 106
828 751
593 -389
-210 -36
-894 303
-998 537
512 -560
-690 -884
341 -934
-308 395
596 -127
963 271
-409 -46
748 -841
-798 -713
-713 835
-382 -252
627 -906
628 -520
795 -486
-461 -583
-541 692
749 775
689 218
-918 -652
-632 -288
-101 -629
788 246
92 823
45 461
998 938
734 680
-706 -251
-431 -658
947 483
433 -938
290 625
471 636
-750 437
-249 299
830 779
-935 546
-102 -984
-542 -163
-686 838
3 -514
508 813
-573 -935
542 -543
113 612
704 -336
77 983
738 293
-544 625
-257 -266
-930 122
-204 -760
-350 798
-597 880
-749 698
787 -108
-555 269
120 248
-152 -967
728 -720
-465 -416
363 122
917 214
576 -154
636 478
-728 33
-959 -986
496 -332
804 -75
535 -898
261 -951
364 938
0 412
-468 644
293 194
-472 688
-79 496
-296 -971
-46 252
-192 -232
-944 -422
193 767
-135 863
-234 66
-979 948
730 -125
399 -334
204 -2
119 -921
-243 -533
874 719
928 217
167 -847
-185 -389
-2 -839
749 -391
563 865
176 -567
-441 121
748 -499
-397 454
733 -537
-618 -106
780 148
-942 990
-881 238
-486 -660
-767 -537
-10 919
-901 -840
-324 -440
31 -18
-175 849
202 -415
-48 -196
902 96
669 588
603 185
740 -363
878 -464
886 437
-744 549
-54 -648
-946 -916
-90 724
-727 -971
-574 637
594 559
316 -402
562 843
684 -514
-2 -953
-848 -938
-287 430
-180 -639
-404 -635
489 -730
-883 51
-282 613
-682 799
-736 -941
-637 636
-501 141
-306 79
329 741
865 890
-789 -693
115 600
790 -854
744 644
-223 97
343 -98
-437 898
964 456
189 -455
-736 -604
201 -25
-289 -540
-43 383
896 342
965 -524
27 -528
796 -31
-347 74
141 -326
-303 -661
-419 -561
845 479
614 300
373 -459
533 -871
443 718
-316 -911
-31 -958
676 237
81 208
137 554
280 393
519 736
-684 -152
572 -957
-123 -915
12 -461
-863 -510
964 12
231 -857
-264 911
720 -325
-516 -420
-898 985
-655 -862
-559 -398
573 299
-832 -474
-727 -564
125 -643
264 -786
-92 517
-332 -885
-434 388
746 135
736 -837
590 999
269 237
189 186
-611 957
-536 -915
-521 -489
-186 589
-455 800
-241 455
-587 -894
209 -292
-277 336
952 -552
791 -306
907 330
-596 -435
-289 63
-418 -560
-800 -786
418 687
343 638
-988 -17
209 870
-418 211
493 747
824 660
211 -390
568 -699
85 378
-210 986
-796 -176
-945 374
-482 -661
-542 -621
724 526
-904 -33
-887 922
-830 130
925 147
757 -182
-193 -173
317 646
890 -433
-995 232
-901 312
-156 908
207 -598
-171 -318
246 616
-990 -789
-211 -446
-366 648
707 -376
-604 129
-61 990
-133 -263
-162 -230
160 755
-325 -213
902 18
-162 216
553 -832
-697 -584
-825 -365
-56 258
-334 -841
229 -714
-438 649
-121 988
-558 -785
37 -470
-985 152
541 -784
938 -261
807 43
-554 -394
-43 -378
-171 529
683 -221
-145 448
469 -817
-836 506
693 275
-280 -49
-811 -169
-623 -313
826 -541
-379 -691
-316 -635
-455 -588
-655 -329
-869 3
927 618
-107 825
-641 -36
-55 398
-502 873
-445 -400
644 639
259 590
-985 -478
-420 905
718 34
415 -487
842 -17
-812 651
-846 -434
-232 286
30 -136
-718 949
-850 -989
829 -176
510 -624
-796 -153
355 54
648 674
-457 -1
740 -702
941 76
-558 -866
-590 -604
-614 -600
913 186
477 -411
359 572
842 856
688 -482
-789 -876
807 -703
785 -281
913 -236
-337 369
775 -239
-133 349
-465 -34
55 604
588 492
-26 655
118 -442
-305 -891
822 525
-263 -435
-577 -350
-899 763
-502 -192
-710 750
216 567
-606 -96
523 -133
272 609
-651 -354
926 418
-604 725
-905 486
-927 -738
-835 105
137 66
-562 -845
-390 -871
-177 -732
-496 641
17 -462
975 833
-756 -431
413 -58
-410 -310
50 622
34 -865
658 108
-792 19
893 446
-52 -97
837 97
-269 768
319 -754
14 -775
-440 92
582 -261
716 488
-72 -280
-115 171
-241 264
115 -34
673 -628
-980 -781
-918 -556
-488 -179
415 -114
-733 88
713 613
-563 847
-373 -713
213 -979
911 74
-226 -975
-525 771
184 -694
-966 70
833 305
-551 -188
931 -805
-200 12
-329 -343
250 -498
-420 67
797 -43
-343 349
-79 165
-174 844
-758 329
-702 -505
-776 -795
379 652
-18 -92
306 -162
279 -801
661 -262
755 40
924 -210
451 261
-251 626
705 -872
487 -275
-528 637
567 -452
126 -650
-751 514
-172 -441
-658 88
-517 -362
-549 316
396 340
286 -887
-340 904
-358 -384
-674 -262
-447 922
-527 -478
249 512
165 -457
424 -324
428 -956
401 261
-747 439
-238 47
728 183
-9 -938
343 106
-300 145
528 -954
-998 93
496 -435
588 670
447 -407
77 -188
-796 -221
-806 336
-676 381
341 477
776 513
139 -470
-777 -465
466 954
-24 -570
602 225
-302 -34
997 -252
895 -558
260 151
-708 859
-84 284
-902 311
484 -800
301 -600
-531 464
989 508
786 95
783 737
231 439
462 -696
512 -694
-190 228
433 659
772 -872
-210 207
-23 -97
523 157
-328 166
-279 499
-837 -808
994 -911
-206 -783
-170 -132
-460 -93
-550 -477
283 786
757 -101
-176 -535
928 478
-316 446
206 242
788 364
-528 -782
63 431
135 -969
21 -83
941 779
404 -508
-792 -466
-67 213
-901 -227
-766 996
479 -918
-991 360
912 413
501 -717
356 225
325 952
-857 814
722 256
778 150
-695 797
147 -474
-649 250
668 340
717 -102
965 320
417 -883
631 493
948 670
-371 -764
-588 -416
895 684
-500 -568